Dataset {
    Grid {
     ARRAY:
        Int16 analysed_sst[time = 1][lat = 6][lon = 11];
     MAPS:
        String time[time = 1];
        Float32 lat[lat = 6];
        Float32 lon[lon = 11];
    } analysed_sst;
} sea_surface_temperature%2fALL_UKMO-L4HRfnd-GLOB-OSTIA_v01-fv02%2enc;
---------------------------------------------
analysed_sst.analysed_sst[1][6][11]
[0][0], -32768, -32768, -32768, -32768, -32768, -32768, -32768, -32768, -32768, -32768, -32768
[0][1], -32768, -32768, -32768, -32768, -32768, -32768, -32768, -32768, -32768, -32768, -32768
[0][2], -32768, -32768, -32768, -32768, -32768, -32768, -32768, -32768, -32768, -32768, -32768
[0][3], -32768, -32768, -32768, -32768, -32768, -32768, -32768, -32768, -32768, -32768, -32768
[0][4], -32768, -32768, -32768, -32768, -32768, -32768, -32768, -32768, -32768, -32768, -32768
[0][5], -32768, -32768, -32768, -32768, -32768, -32768, -32768, -32768, -32768, -32768, -32768

analysed_sst.time[1]
"2006-04-01T00:00:00Z"

analysed_sst.lat[6]
-89.975, -89.925, -89.875, -89.825, -89.775, -89.725

analysed_sst.lon[11]
-179.975, -179.925, -179.875, -179.825, -179.775, -179.725, -179.675, -179.625, -179.575, -179.525, -179.475


